Depth, mm	E1, um/m	E2, um/m	E3, um/m	Sx, MPa	Sy, MPa	tau_xy, MPa	S1, MPa	S2, MPa	beta, deg
0.05	-5.150139860139642	4.543251748250867	3.028881118881035	142.3	-40.7	142.8	220.4	-118.8	-0.5
0.1	-14.81093240093388	11.715256410257783	-2.696759906759766	195.7	157.6	236.3	413.8	-60.5	-0.7
0.15000000000000002	-21.12731934732026	20.564358974360115	-2.494079254078951	70.7	-10.6	145.7	181.3	-121.3	-0.6
0.2	-28.990909090910456	35.28916083916252	0.04181818181857366	107.7	-32.8	233.4	281.2	-206.3	-0.6
0.25	-38.551002331004916	52.80941724942005	2.504289044289461	128.7	-19.0	264.0	329.0	-219.3	-0.6
0.3	-48.842284382287595	69.94526806527176	4.278228438228819	139.8	-4.2	252.3	330.2	-194.6	-0.6
0.35000000000000003	-59.62251748252098	86.60146853147322	6.19314685314729	150.3	3.3	239.4	327.3	-173.7	-0.6
0.4	-71.42023310023777	104.95662004662566	9.226247086247598	146.1	-12.2	244.0	323.4	-189.5	-0.6
0.45	-83.79242424243083	124.65740093240919	12.255501165501956	153.7	-18.9	271.0	351.8	-217.0	-0.6
0.5	-91.79223776224381	134.01779720280456	8.862727272727835	143.4	144.9	134.5	278.6	9.6	0.8

E: 200000.0 MPa, nu: 0.3
alpha P: 8.323613975294164e-07, alpha Q: 3.862228012572078e-06, alpha T: 2.3893348775140596e-06
